name,1664 Blanc,312 Urban Wheat,ARK Be High IPA,Ambar Especial,Apostel Brau,Asahi Super Dry Black,Asahi super dry,BINTANG pilsner,BURGE MEESTER,Bali Hai Premium,Berliner Kindl Pilsener ,Blue Girl,Blue Moon Belgian White,Budweiser ,Cafri,Carlsberg,Cass Lemon,Cass Light,Desperados,Desperados Lime,Desperados Mojito,Desperados Red,Edelweiss Snowfresh,Egger Marzenbier,Egger Radler Grapefruit,Egger Zwickl,Erdinger Dunkel,Erdinger Weissbier,Fil Good Original,Filite,Franziskaner Premium Weissbier,Gambrinus Original,Goose Island Goose IPA,Grimbergen Blonde,Grolsch Premium Lager / Premium Pilsner,Guinness original,Harbin Beer,Hefe-Weissbier,Heineken,Heineken Dark Lager,Heretic Evil Twin,Hoegaarden Original White Ale,Hoegaarden Rosee,Hollandia,Holsten Premium,Hop House 13,JEJU WIT ALE,Jeju Pellong Ale,Kabrew Namsan Mountain Premium Citra Ale,Kirin ichiban,Kona Big Wave Golden Ale,Kozel Dark 10,Lapin Kulta IV A,Leffe Blonde / Blond,Leffe Brown,Lowenbrau Original,Miller Genuine Draft,OB Golden Lager,OB premier pilsner,PEEPER,Peroni Nastro Azzurro,Platinum Pale Ale,Queen's Ale Blonde Type,REEPER B Weissbier,Red Rock,San Miguel,Sapporo Premium Beer,Schöfferhofer Grapefruit,Stephans Bräu Hefeweizen Hefetrüb,Stephans Bräu Pilsner,Stephans Bräu Schwarzbier,Suntory The Premium Malt's,TIGER BEER,TSINGTAO WHEAT BEER,Tsingtao,Warsteiner Premium Fresh,XXXX Gold,YEBISU,beck's,cass fresh,dry finish,fitz super clear,guinness draught,hite extra cold,kloud,krombacher weizen,max hite,pilsner urquell,stella artois,stout,victoria bitter
1664 Blanc,1.0000000000000002,0.45051121703698543,0.19553847053588125,0.11470685809623808,0.36167001268828175,0.26196672512458297,0.15744235041407376,0.28023691482608937,0.0,0.41616045887590253,0.3686423215931481,0.39535713670284534,0.27864612960185114,0.28463035517814395,0.2850343450707782,0.3408517523761046,0.2964476823826903,0.14599235931536036,0.21885886064325136,0.061763536259651024,0.10569568485469429,0.3092805770678354,0.7202765204023506,0.12972739841824785,0.15729866847073282,0.14294213825599314,0.16840188943001166,0.3323789544958628,0.20345963877946743,0.02779872823248168,0.3295818233900525,0.346014161935924,0.33176138232762825,0.3608863733347186,0.30002673544642855,0.23917264890544873,0.3014002671110532,0.3643482025750904,0.3037057666628786,0.2644719843890814,0.2576431555147233,0.6032679134889927,0.3818771345388035,0.2880910672821089,0.2895812430651275,0.41987546579554064,0.4461068863690095,0.10114504979102307,0.18295274534717784,0.3923771548159837,0.30127315412983435,0.24787025402612275,0.146578000132452,0.03562551095083132,0.3173400805897573,0.31452537702746924,0.2906575079365445,0.3447793981668644,0.2418012801165288,0.5752488652667301,0.3111157642698812,0.0,0.20353866190008346,0.13971571454653495,0.1333837007201865,0.2781473454063933,0.23355933331925874,0.33973401767464495,0.19273531669452548,0.08491265408605762,0.2360823282888937,0.32536241465600096,0.27876880980586916,0.14905295978288782,0.2972825632878223,0.3907779487303588,0.2198132131419434,0.22094198046593977,0.24982433770420018,0.170786066737527,0.23926864005905232,0.0,0.19656049813564333,0.3769771269124943,0.2735099277429453,0.3854218086588995,0.2673676672740786,0.291472032178232,0.3081208993029624,0.17491080689694374,0.29361171624583204
312 Urban Wheat,0.45051121703698543,1.0000000000000002,0.1437070457352832,0.39782344639908684,0.47774495805630524,0.39520012661458614,0.39374353584266625,0.3531660021753118,0.02898966092310007,0.45972791841628174,0.4714621802222875,0.4672356943218572,0.6096863820161371,0.4228469161690496,0.38881904862540284,0.3903687075610266,0.40028693274107685,0.2773070074889984,0.3437928847913611,0.05249394149066027,0.24809188498452228,0.4558562858480233,0.4699449351551481,0.2029276264617005,0.16427718046983494,0.3181463941213781,0.43446114430095106,0.5574028012906712,0.33632188391689494,0.08696898276930021,0.4604926770202732,0.3900983995267135,0.31639561133796623,0.4439042370297792,0.4751810586969309,0.45921426234260687,0.5713128542596805,0.5711486408196906,0.4722419237561397,0.27490687337085695,0.27879217796000066,0.6066225085483962,0.14191364133792378,0.4367143022672165,0.3693742802376953,0.4610631989086643,0.28148430676984393,0.16076013769130817,0.07292289713754936,0.3499259415616235,0.49349384170798766,0.36235099068071636,0.4599873487575094,0.15603145298883245,0.3543223691017589,0.42673404866571646,0.461169457434653,0.5029383206997947,0.4412004945610993,0.5824704590068577,0.4592814605967539,0.0,0.38267746708948813,0.11973293058884642,0.29146096142401656,0.4821504881476913,0.416787585303646,0.4282789839168777,0.4662143370918325,0.20872811100997554,0.39288473811839,0.4363731721859599,0.4516709929101437,0.2762791206458982,0.4863610368444504,0.34196067493338034,0.38779454123358637,0.3729036106116334,0.45026178732583017,0.2795424817937699,0.3860515528334816,0.0,0.403548607797393,0.4775214243139482,0.34402774550880594,0.6290160547797097,0.553127348015835,0.30625823162441523,0.4757729343892854,0.28179078369582256,0.3751828160096484
ARK Be High IPA,0.19553847053588125,0.1437070457352832,0.9999999999999996,0.4080832038929014,0.19780258483350283,0.26577164913704154,0.11514036121926016,0.2323233121405569,0.0,0.23146736093794107,0.22782726882504173,0.21715877224739782,0.35748068103193714,0.21694748963406307,0.21321833079096272,0.20091934904535833,0.03705998582181985,0.152142868227288,0.1775741196799888,0.06519804928231422,0.19721707931172577,0.23544968417377043,0.2528283262466076,0.0,0.10488675350383754,0.10052477267830935,0.2591376051345889,0.21127604501243682,0.18547400549958962,0.17858716011476425,0.3945224803343269,0.23233858312383043,0.25259358109716384,0.4098645819862433,0.3624383814837953,0.4265637477342001,0.11887146476362805,0.4081117749745172,0.3473195326842594,0.3789720832189024,0.4907303182788282,0.25606471549369264,0.06750896827173866,0.21925983630578214,0.23990629460749713,0.3764953930840759,0.053890176147850126,0.32895922094789587,0.4190022362778874,0.24139315814509546,0.2813626133782486,0.33820884929707873,0.06716343265056728,0.11827415031108689,0.40050413217433867,0.26576121396021457,0.2189951066621353,0.20213221144368515,0.23948130366434361,0.3492500639661083,0.2227255686453183,0.0,0.3806435617629991,0.6641932536364881,0.49380008399043257,0.3549104408277887,0.22284632964458978,0.45987895783120636,0.3240179349993832,0.09306835040255637,0.43088468908210575,0.2914553265454173,0.28444140401321416,0.05330907694829142,0.12719987339228506,0.2766116165885218,0.17880593507410644,0.27840307026203015,0.19094922850910723,0.10557290519039357,0.42210856301469385,0.0,0.2695295269978881,0.15083530599355915,0.18497493149963098,0.4679041993372448,0.1911281208988683,0.1405964087032262,0.27347443597642573,0.2733569002918334,0.3028763344576121
Ambar Especial,0.11470685809623808,0.39782344639908684,0.4080832038929014,1.0000000000000004,0.572551575799898,0.5578477426224203,0.619695865188397,0.4532018076239069,0.08927551363620766,0.4416810847152756,0.37695531990577247,0.5031697236712489,0.3974593156731357,0.37910378551832735,0.41444649993744626,0.46352055872043285,0.2764808638220416,0.30877361812868664,0.37956461647254214,0.13639585452135186,0.3239961354672919,0.5259738509556021,0.1951535382086978,0.0,0.0698619404114163,0.4261933415888079,0.5661117223497357,0.35338324922112463,0.09271823963436078,0.05951700909080511,0.3830932106085988,0.4790270678087382,0.3063479153248233,0.560446782852069,0.5968366533404553,0.6219153354065262,0.456167208636377,0.47552952058671905,0.5892432686562292,0.5163359200572393,0.4601905682918465,0.14427110295120327,0.09779029552321664,0.5096045431689776,0.4738107120500975,0.35408199424606907,0.07678560596991031,0.48838855061122316,0.019598477716608328,0.4554797777374329,0.43671954361226173,0.6292648561204166,0.5243052028999583,0.3060345255495467,0.5324155734045874,0.4265007201482625,0.5073969576886356,0.4638529496495707,0.4588206296267152,0.3450839740573391,0.5053280075577125,0.0,0.5157401644644191,0.438098746604706,0.6959592320907639,0.5320377664947195,0.5690646273503572,0.2604483832500578,0.601098874461317,0.28340367540338607,0.5906467449081853,0.5683389630799723,0.6025449027460237,0.186785473012977,0.4553544985591217,0.3650028430311224,0.4592021219227228,0.5481619163348282,0.5858143120755632,0.5018312969302442,0.4436818566616288,0.0,0.41380739913647285,0.45906608326826565,0.5415127895236022,0.44339676637064657,0.5947966490072883,0.42735330104326597,0.5459133086539744,0.2876461223233548,0.49865111753007507
Apostel Brau,0.36167001268828175,0.47774495805630524,0.19780258483350283,0.572551575799898,0.9999999999999998,0.5464037135552002,0.5802696667955205,0.6555628768821058,0.0,0.814675192201404,0.8291094263811499,0.6797734137699164,0.5261623789535775,0.5665237495501192,0.5628369219254452,0.6144847752276758,0.3253780602614721,0.22939439742435294,0.5796010226759409,0.23144234142425632,0.41084776135931467,0.5583338837763697,0.3451494587981145,0.28645482352670226,0.1811190693065995,0.5195857653901663,0.3402897642363391,0.37198872665029437,0.46135498231629773,0.10230529411667937,0.3108566651929088,0.7430777214981742,0.4955801450732174,0.5014377057512002,0.7221743815858976,0.4682316686478918,0.727201816988135,0.40388150785882954,0.746924679619684,0.3413856879492143,0.4062247247448784,0.30907657305030195,0.0891708016987051,0.6448513324183709,0.6567801404731435,0.5721409643634772,0.18370007452450157,0.3922589553293227,0.11252945294715462,0.7336090194667272,0.5544473763947441,0.5605069362980337,0.5710175519095112,0.09963320385980584,0.46515542023785084,0.6658162017228263,0.628866770252419,0.7638418405442541,0.5755278678698604,0.5950374157457186,0.5404081892727864,0.0,0.3009080047987388,0.1776626058030353,0.38766092823447196,0.6957055248708537,0.644060192673242,0.38169693509324626,0.5251851313397792,0.2933520319289128,0.5439320446121327,0.6880015621406234,0.6171219259632466,0.2188182799794302,0.6471178487499952,0.6362558848682001,0.531753781704926,0.6413908979344803,0.6914182169864502,0.6032955941652025,0.5885502791957653,0.0,0.321545076177536,0.8067338271781332,0.5452738849565543,0.5163216527043499,0.6920058914516488,0.6707902959289813,0.6140643979317502,0.21224602817403013,0.5789270273941636
Asahi Super Dry Black,0.26196672512458297,0.39520012661458614,0.26577164913704154,0.5578477426224203,0.5464037135552002,0.9999999999999999,0.5126618526413743,0.5423987743626982,0.0,0.5581850810968939,0.4529916272538552,0.6185288465862867,0.48989973348621607,0.44438921446791113,0.4435429573086976,0.47676033485255964,0.3646660072550775,0.2397099843150546,0.46226901569069173,0.09167281800708894,0.2619039151368499,0.4226325425657117,0.24611854114719034,0.0,0.03686944767195648,0.5209948909022668,0.5428061340159394,0.40243186626996136,0.13665921571064923,0.2511054917718931,0.2830584911652531,0.6112521904574242,0.42461708309008855,0.3374643390297999,0.6063310492407175,0.5802728428345446,0.38522400463541095,0.4461207808183226,0.6883318491106575,0.4650762264872123,0.4028875967047942,0.2501391165075146,0.058535310213212115,0.4559525659914062,0.5956855327740734,0.43721811704732205,0.173943515982273,0.16434215007153447,0.082687041237254,0.5650462545920184,0.3790439429218167,0.5826810587605029,0.608734530728856,0.2485092974972703,0.49982813894378464,0.4255946360854048,0.5565014901508235,0.5171498154512341,0.5617668079726692,0.45619141493742266,0.5946282625121002,0.0,0.3978821595498735,0.08793923484230758,0.3755989633224706,0.5433810237477501,0.5422356165076816,0.33622058764256757,0.5426821735911282,0.3037495550108246,0.5441227771708594,0.5192231058553267,0.5618237406710044,0.1817030616708881,0.49815839242092974,0.43053461454296005,0.5822625131695714,0.5482115295533634,0.4595628620348338,0.3537804769749857,0.6321975374533935,0.0,0.4108332829212979,0.5729312519288162,0.5126921672262931,0.4897346173720678,0.5446681982829826,0.3613627850803925,0.5646283297669679,0.365040335834507,0.6480425307043728
Asahi super dry,0.15744235041407376,0.39374353584266625,0.11514036121926016,0.619695865188397,0.5802696667955205,0.5126618526413743,1.0000000000000002,0.746808348632448,0.2520036054963924,0.5403843481654568,0.4523912776819517,0.6016963600714749,0.5024560858606165,0.6080825794755066,0.541699019821115,0.5944762496387507,0.4572882246435871,0.29466475304242307,0.4348828481741252,0.256403434892721,0.35999491550766827,0.5488802622318207,0.24398114477397542,0.08400120183213079,0.12294778881216895,0.43118522344871313,0.2932768662706469,0.3408440680696872,0.19832595506288633,0.28800412056730557,0.31105234649359853,0.41931983277592527,0.3040993753167941,0.38867617583834274,0.5908302027586211,0.5300443088119303,0.5094895755210685,0.3246643857989825,0.6579904369528953,0.3266791802864209,0.2364791485586538,0.24710067733758645,0.09026147428639635,0.7249616861085969,0.5137950436648785,0.2843943558283937,0.17743944354590618,0.2839681696388552,0.14225619933163955,0.46083051617402615,0.46061653045798134,0.4473334326052028,0.5768092856865848,0.20644674451173634,0.32957580230106837,0.40338524353408867,0.620144828660533,0.49202380127700174,0.5617731647990422,0.42081432048833345,0.4457392962078541,0.0,0.3020676744486405,0.04501377744869869,0.2594328293067231,0.542373660449509,0.6341849738427273,0.36167996083555254,0.48991563455844056,0.43033543768738136,0.5197018636180918,0.5137102866135177,0.5973727087346935,0.23243832749613602,0.5919764540411346,0.4823537719152646,0.7172167841392363,0.5325483184457097,0.7259969120972092,0.5403442909530725,0.4124702529924965,0.0,0.4212192247948454,0.5304935889919008,0.5237145725665246,0.43403759663002384,0.5166408418404849,0.3795455042465072,0.6257698607248915,0.18962251847433334,0.6510043977930319
BINTANG pilsner,0.28023691482608937,0.3531660021753118,0.2323233121405569,0.4532018076239069,0.6555628768821058,0.5423987743626982,0.746808348632448,1.0000000000000002,0.04757006568191955,0.6131699049969246,0.5447694810250371,0.6681323358753217,0.44978189640113186,0.6644266749475766,0.492877358348543,0.5224475850165557,0.3699707630200961,0.25734163021789674,0.46638708503374793,0.39884217196661575,0.44199430956872787,0.5493895289276601,0.32867695884321907,0.11099681992447895,0.25296197452119473,0.4142687278135593,0.2928993303324266,0.4481149507648029,0.2819929339638867,0.3805605254553564,0.2956576625813129,0.6154337838517209,0.45116983897156193,0.5076999745906622,0.7151440459812289,0.5324843143423421,0.5840794664232121,0.4001972149820144,0.7322080298546949,0.35746685804227707,0.4651232165877126,0.30968317122262223,0.1487261111457641,0.6931675566911492,0.6816856076285861,0.5255004590213869,0.21292951933710177,0.3079868500459849,0.25063110838040487,0.586286743529809,0.5384846815702583,0.5683025609611402,0.37330774139295175,0.17069365709480075,0.43148620551321865,0.5703701596824093,0.6561410406560803,0.6469561234212932,0.7211347652793498,0.5122981304100196,0.5590924380934266,0.0,0.39931840961032966,0.09121506106761439,0.310249684286211,0.6753030538392443,0.6115344895705143,0.41110530740732276,0.37812430063888347,0.46072564952721434,0.58423482707642,0.6120330041328149,0.7147337706753515,0.26418012609132996,0.6839851138135463,0.6222608468540157,0.7548744964235081,0.684550513589385,0.6643721369550686,0.5886011280576733,0.5167719658535679,0.0,0.4865293096478636,0.599379899294218,0.576917114651386,0.45817577033394496,0.473840675538616,0.5186876246067008,0.6365671279684114,0.2567479832041288,0.736633863768678
BURGE MEESTER,0.0,0.02898966092310007,0.0,0.08927551363620766,0.0,0.0,0.2520036054963924,0.04757006568191955,1.0,0.08412611676284121,0.07381928741883426,0.0917485039302137,0.0,0.06001371532711971,0.0,0.2754426284737203,0.0,0.5395724907147278,0.0,0.0,0.0,0.0,0.0,0.0,0.0,0.0,0.0,0.045250211095048766,0.0,0.0,0.088422234130505,0.10099807498458749,0.038711290805781756,0.09750738616794767,0.15134106039574796,0.08822533214931756,0.057370178824567866,0.0,0.07153365932264516,0.0,0.0,0.04466817752168323,0.0,0.3529719002418194,0.0717328436982345,0.0,0.0,0.0,0.0,0.03567464596950483,0.03387729509294333,0.060741707873986014,0.1722123884513463,0.0,0.0,0.04525909753038742,0.0624052724922236,0.17488000627656616,0.09746063823638906,0.06830241266135505,0.039295546245430954,0.0,0.0,0.0,0.0,0.08288428431801972,0.14145202499471654,0.0,0.0,0.0,0.0,0.1310920816245721,0.05241100266985376,0.0,0.0,0.0,0.0,0.206339007235769,0.17081605023691998,0.0,0.20032864083940896,0.0,0.0,0.03814611723247572,0.05081724442945119,0.02575191775998263,0.0,0.13485553729324218,0.14050071672708142,0.0,0.0853676134914756
Bali Hai Premium,0.41616045887590253,0.45972791841628174,0.23146736093794107,0.4416810847152756,0.814675192201404,0.5581850810968939,0.5403843481654568,0.6131699049969246,0.08412611676284121,1.0000000000000004,0.7683078027417374,0.7362029040983423,0.40981334236115463,0.5763071415182668,0.5978513396351779,0.6773234588945111,0.33481995003255,0.3873525517672062,0.5597404031973733,0.21089819295504925,0.31501133959378164,0.5533248570511303,0.4115513907001312,0.130862848297753,0.2937315620565206,0.3079876442611304,0.33254506727655253,0.41787921299510833,0.4420548964797277,0.08412611676284121,0.23540397373565652,0.748770831241126,0.5456398071291979,0.5029183769962543,0.685525651909531,0.459949568991508,0.7122297031193098,0.38042361306726674,0.7368700763648001,0.32393562959014943,0.301953862490174,0.3749089188616739,0.09674995079226037,0.6738018279007625,0.7476853741075979,0.5809139907173593,0.18889547841376025,0.35510999551792893,0.06463814266227053,0.7925779886471984,0.5144205314477067,0.5161312120134288,0.5763212146314967,0.07156085043453511,0.4317639474780022,0.6586721383639039,0.5848699699757424,0.7152149111129092,0.5277671802631159,0.6708624214643917,0.6011899245363618,0.0,0.2923668939657733,0.18074836094767727,0.3459471312703899,0.7306817089663181,0.6791090854404505,0.38165595346391523,0.5009562852207744,0.24920362631364285,0.454243595247495,0.6458549468817295,0.6712911941648104,0.28324350290721617,0.5811140657674063,0.6908347364856924,0.6093436657758687,0.5553335730840168,0.5720064751551535,0.4914397395060573,0.6912639582297648,0.0,0.3306862262432239,0.8200825110197894,0.5362953033294776,0.5009820565874348,0.6718052326925058,0.5754753861434366,0.6471541271682757,0.27072612383739225,0.5878197231583477
Berliner Kindl Pilsener ,0.3686423215931481,0.4714621802222875,0.22782726882504173,0.37695531990577247,0.8291094263811499,0.4529916272538552,0.4523912776819517,0.5447694810250371,0.07381928741883426,0.7683078027417374,1.0000000000000002,0.5438622666649043,0.42400133714508015,0.5647597792816674,0.5149061823983968,0.5773625518078588,0.1446552674957759,0.35327480531201866,0.5785246350367648,0.16801543909592107,0.4957164632820077,0.42144151677672353,0.35411540718165657,0.2583675059659199,0.11493766649328924,0.17886348063402466,0.3961617383780947,0.4434546185779285,0.45146086453879414,0.11072893112825137,0.2848226694197054,0.7109214014390637,0.4102492860227837,0.497495492560775,0.6721122457140287,0.5403323317737232,0.5672110500135658,0.4521523048602031,0.6889433402386003,0.39581503673536694,0.410699840699697,0.3281988145756046,0.06421058996938638,0.6343306219601952,0.6521323211712836,0.5748657340273142,0.20479983507652827,0.42754525146339195,0.050557980068110644,0.7382895510533579,0.5481490526152585,0.5366515182126629,0.4120459065204936,0.17463328976159573,0.40977726287981736,0.682144193818923,0.5453198946604371,0.6978409710598583,0.6836435180403481,0.6257555157935781,0.4994439140965371,0.0,0.3549530658276552,0.12125051949880898,0.2773523500130483,0.6297614816128495,0.5604511936967492,0.3781456218799405,0.4163303166740216,0.37054924849874576,0.4523080605192388,0.5730132662186819,0.5200512398020667,0.20702332609822455,0.5825160579961104,0.7209005233491825,0.4776111739722552,0.5404238122488491,0.7315179902402023,0.4352535460364139,0.6564035406778919,0.0,0.45301810381282415,0.756592091017831,0.45989739689731235,0.4739763096587118,0.6677846834442079,0.7117231528743537,0.5150820886174907,0.3465731304788931,0.4487345628032622
Blue Girl,0.39535713670284534,0.4672356943218572,0.21715877224739782,0.5031697236712489,0.6797734137699164,0.6185288465862867,0.6016963600714749,0.6681323358753217,0.0917485039302137,0.7362029040983423,0.5438622666649043,0.9999999999999999,0.40595834380334134,0.5449306940200106,0.6231878803406543,0.6092650672860401,0.3868610717700933,0.19200823008791135,0.6745929171402215,0.27052294187531395,0.34321236669853444,0.6068311191620898,0.37238101467556745,0.07135994750127733,0.20712759420195306,0.4349048659520753,0.32748668863249364,0.32224057764156055,0.2975224251647303,0.2752455117906411,0.2598910614277126,0.6019206215658165,0.31623447626578677,0.41647309090231066,0.5607377387103026,0.4716647862143333,0.602912137675565,0.3266673458948715,0.6495277932931377,0.2900392913268833,0.3753411108144103,0.26732521283825705,0.13625765951335722,0.4737622230086531,0.6607588598952461,0.30843707262497566,0.09120468971042106,0.19223342429822768,0.10231576791010562,0.5940125410408156,0.44028259994035285,0.521422497363502,0.4591008781171217,0.14434422116742984,0.38630394199113915,0.48853892455167924,0.5415377976738144,0.6006201314020982,0.48972464838063123,0.5282107458102206,0.6813913749437764,0.0,0.4047449879351807,0.06961814797875569,0.2494648073992607,0.6011116695258792,0.5994082818475208,0.2757241527325285,0.4075830286585413,0.2857760991873742,0.4529054249463469,0.4620522325256622,0.5685959198146318,0.24454513616038687,0.5570455618256978,0.5011728610552283,0.6246113959260967,0.5390434070011276,0.4899166671781881,0.3900466688325692,0.5957713079832362,0.0,0.23915118914530809,0.6601774399326149,0.5655783608277212,0.34236871780840394,0.5643585483294418,0.401803901769995,0.4593178748160079,0.18730217527594356,0.651088565033663
Blue Moon Belgian White,0.27864612960185114,0.6096863820161371,0.35748068103193714,0.3974593156731357,0.5261623789535775,0.48989973348621607,0.5024560858606165,0.44978189640113186,0.0,0.40981334236115463,0.42400133714508015,0.40595834380334134,1.0,0.5225177310738968,0.47210858247922666,0.255238652565015,0.3364553599761911,0.08403314441182844,0.3433781307722385,0.2547110336390001,0.2797136514741097,0.4997048118878188,0.36147637816115097,0.0,0.35164688549611944,0.38005529319984993,0.35812357889243834,0.4386498891987267,0.17445908827313097,0.1395382857254425,0.5904257413517744,0.3747493530341308,0.35379047280370174,0.3789655807600234,0.4921184940590504,0.38575634421167265,0.485580703554849,0.4934668435238627,0.5562624041438783,0.22767869022117437,0.32911271659571634,0.48334687376783825,0.16306582171994155,0.4554479181359058,0.46011462918392515,0.38212767637643286,0.12596284578903746,0.21839776012353773,0.5474013327777548,0.37477542473913605,0.5580445920366517,0.4712373253994196,0.447028613007541,0.12070267158818053,0.32939502702248213,0.2864222210734983,0.42102631466340285,0.5064524968441639,0.4928977038794169,0.47724435719263647,0.4698468139224511,0.0,0.26575356279809004,0.26968216717024013,0.2615453179623846,0.565213431421878,0.4949249592789058,0.6071690445183793,0.5237045468735603,0.21970527949699428,0.5331942008476173,0.4765236087464056,0.469104194854221,0.155828436489594,0.512787140039585,0.3622166106753556,0.5401493108755439,0.4334415131743595,0.46188332634872065,0.2916643419157866,0.40830263749516593,0.0,0.33310189273805607,0.47427399628868244,0.4463673116704398,0.7014782113873872,0.46876420938349106,0.3639968476316428,0.46536779459453376,0.20245439013338956,0.53063753920398
Budweiser ,0.28463035517814395,0.4228469161690496,0.21694748963406307,0.37910378551832735,0.5665237495501192,0.44438921446791113,0.6080825794755066,0.6644266749475766,0.06001371532711971,0.5763071415182668,0.5647597792816674,0.5449306940200106,0.5225177310738968,1.0000000000000004,0.3468128318169,0.6299441414415403,0.2786066882186765,0.28027528866767804,0.4694099101343609,0.43469296933233875,0.37466021391789495,0.5412417553651448,0.33100105508795324,0.0,0.3208662674458131,0.25701196684221167,0.3460578905209869,0.463679455830919,0.23645126286990784,0.420096007289838,0.36923190583605114,0.5022248374759973,0.284988987854211,0.41319743611358745,0.6183261966097242,0.5096389106190254,0.5462220431870812,0.43788265859262804,0.5820588624529563,0.52101561975997,0.32791679038854915,0.4295270403533664,0.1433455155833367,0.6772753652921539,0.5730332807750985,0.3528458486676681,0.13949013717349146,0.23070317036887672,0.3266912093612505,0.617618152852886,0.4461030318306351,0.5619661478215501,0.3688576845181524,0.1945051576467481,0.4471462479235028,0.5597457538379359,0.6186358153923212,0.5519570758722364,0.6025291240977446,0.4259461806387681,0.492723133823558,0.0,0.3690092010042991,0.10595628334165798,0.2869443469384636,0.6809409769435762,0.6919083630552877,0.46843341256857424,0.28757553645111694,0.5070040125543064,0.48517674939038735,0.5758610960549538,0.5658412703167814,0.2981271071648923,0.6490178434880269,0.6124731448601298,0.5440448486195866,0.5901269409103992,0.6322510574668786,0.4683897769183127,0.4446046388115356,0.0,0.44435365167216423,0.574919555193768,0.4969823140020539,0.39727104815999564,0.5035814837116586,0.43196532255776504,0.560277256494755,0.28375869529426145,0.697134493604199
Cafri,0.2850343450707782,0.38881904862540284,0.21321833079096272,0.41444649993744626,0.5628369219254452,0.4435429573086976,0.541699019821115,0.492877358348543,0.0,0.5978513396351779,0.5149061823983968,0.6231878803406543,0.47210858247922666,0.3468128318169,1.0000000000000004,0.3566857692896419,0.2621865161143199,0.13710431922305477,0.5096637462261205,0.18964407203911032,0.3614114916760057,0.41525529325743715,0.29421202151168757,0.2218735595980383,0.2376470624635535,0.12569316470454034,0.3014685801759522,0.2629068658839732,0.34507127541279026,0.09508866839915928,0.1635084859311342,0.5236953793026916,0.42579546371215377,0.33180846574872613,0.37393951864366765,0.3976976203701659,0.4965265443884321,0.2373042794548169,0.6760837509630242,0.1971204348254354,0.3472211809793719,0.22509704623099708,0.0682459531165231,0.40690729797279057,0.5530271103012016,0.46687667856594867,0.07060342809933742,0.19736105714681787,0.14025526773590452,0.4496234412335655,0.5405023781008214,0.43529517801460677,0.275817005381515,0.09241804249176434,0.2648142447505742,0.4523567812668729,0.3506744579500971,0.586963136753597,0.42139937454400067,0.5948408614421316,0.5296743240882632,0.0,0.2538275521453992,0.14586645677380988,0.16263226255308735,0.5014057174476716,0.49668288226044943,0.21148305763008896,0.2504791231228016,0.1334029748016875,0.34710534628177897,0.43120443195116454,0.4162005191717651,0.15277739234483093,0.4883575434503841,0.3716985784445677,0.6195926561734193,0.39031338595245196,0.42794749223002615,0.4214324820403392,0.6349282381554635,0.0,0.302937670119743,0.6832644170328178,0.44658822638164275,0.441401852538661,0.4029378146165292,0.2927607852145206,0.31059081280871753,0.17642718237682845,0.39143586074847725
Carlsberg,0.3408517523761046,0.3903687075610266,0.20091934904535833,0.46352055872043285,0.6144847752276758,0.47676033485255964,0.5944762496387507,0.5224475850165557,0.2754426284737203,0.6773234588945111,0.5773625518078588,0.6092650672860401,0.255238652565015,0.6299441414415403,0.3566857692896419,1.0,0.39707818917751814,0.4370755308928945,0.394159237547491,0.2400516711530495,0.33933152936765737,0.5562682610118296,0.3039641028153962,0.16067486660967017,0.13653968602518116,0.3759856809651753,0.2875551998703245,0.2562921265229101,0.26910462779268124,0.2754426284737203,0.3074405139129084,0.5240488448136554,0.45083821307710864,0.3516960711367634,0.632496163076298,0.5412120308663533,0.5974405067365517,0.3991036823986914,0.5749526366573818,0.5087345037165804,0.2907431172479368,0.33414921737133674,0.07277722194908492,0.600528887394532,0.5115484453985492,0.391566516623979,0.15345437404193057,0.18076644068062114,0.09070106678428874,0.7309539202074372,0.4025798827433909,0.47914477029472835,0.5504707066579745,0.3081219477186228,0.41899087456452083,0.6369113813096587,0.5880010673228802,0.5034748763116926,0.4229205676209112,0.5088945421051736,0.44834922444009506,0.0,0.4384358214601744,0.07005534057452975,0.3276005874332795,0.48371813364769967,0.5818478995257711,0.44787658844425865,0.3921037520784188,0.41469627174942086,0.43779503364185324,0.6122725889497516,0.5647174314922889,0.20325139924853503,0.6219579613698769,0.7450145985337074,0.4374294448725061,0.564190982606382,0.5827762995894742,0.4958266473334628,0.47041536550401425,0.0,0.4012399362984666,0.5899933019920984,0.3430724061876877,0.3757796543729765,0.5984142568357039,0.47143545244456625,0.6012794639285897,0.29727422588411206,0.6975590352075491
Cass Lemon,0.2964476823826903,0.40028693274107685,0.03705998582181985,0.2764808638220416,0.3253780602614721,0.3646660072550775,0.4572882246435871,0.3699707630200961,0.0,0.33481995003255,0.1446552674957759,0.3868610717700933,0.3364553599761911,0.2786066882186765,0.2621865161143199,0.39707818917751814,1.0000000000000002,0.010995129574441183,0.0944307846699106,0.17080137602045428,0.06609599628483322,0.43258659477693545,0.1394269953291242,0.0,0.2591982992751908,0.5697556288454744,0.03955124364042136,0.1274110530394277,0.15245568874014961,0.09357007770311072,0.138328982095078,0.05938714430467636,0.40070693713088457,0.26861260874327425,0.3622744057044242,0.2260923336415395,0.37830511498730396,0.2625845683314357,0.34777281780540825,0.046662099238312084,0.1305137892878914,0.17437589226857922,0.06850438347488595,0.21354960073310883,0.29111248965369113,0.28337863254097384,0.14246654573044415,0.0210481335946498,0.15405941182358887,0.1482924933478387,0.20368090772202926,0.18315219599369056,0.5124348835308131,0.0,0.1995766641124572,0.09323120294358811,0.3581965377880248,0.2493663439715976,0.2356814034163562,0.42376559232030075,0.13590342804932223,0.0,0.1577683057351776,0.042113055008066114,0.298415864234843,0.2000875039264824,0.23859037010738884,0.3385087788761686,0.33149649458739466,0.04876281572130554,0.33537823228006375,0.36679077719715386,0.42014929204019663,0.16310378653998453,0.35656068471902197,0.4299540022163122,0.4883740334942697,0.23241720056039677,0.23003010905158203,0.35568360272401395,0.21440390279043822,0.0,0.31851172952480244,0.22755679218735445,0.17247490408074212,0.38567434340668627,0.31971708507105506,0.15019913755275993,0.4319675601440539,0.10277921584757282,0.43421739820616156
Cass Light,0.14599235931536036,0.2773070074889984,0.152142868227288,0.30877361812868664,0.22939439742435294,0.2397099843150546,0.29466475304242307,0.25734163021789674,0.5395724907147278,0.3873525517672062,0.35327480531201866,0.19200823008791135,0.08403314441182844,0.28027528866767804,0.13710431922305477,0.4370755308928945,0.010995129574441183,0.9999999999999999,0.04405353000787403,0.0,0.024575416298156155,0.276902843586188,0.17962452022694586,0.0,0.07922463013953342,0.010776433906264773,0.41249566389903347,0.40401654820121297,0.10245753559872633,0.0,0.10061552143118926,0.39893562166393676,0.2878478122019263,0.30338665432569506,0.4574087325220763,0.5263411421900324,0.25059232113964486,0.3261018379884991,0.3305374714861534,0.36354842341959565,0.285794249360681,0.14726485544557374,0.020396753121867985,0.49203620981040963,0.313328286098877,0.3764212188499531,0.08681509738827826,0.15410564431821017,0.0,0.35113756552269976,0.15627748786391002,0.46882179557915826,0.1963990004466302,0.05185979429402132,0.2856363059780168,0.40981098106746394,0.20218500230057224,0.37812325432214794,0.3035917822984407,0.39198433357353163,0.2795765311137303,0.0,0.19918085737655275,0.07652211780599229,0.29601346198067513,0.27399106374940047,0.4711358213651134,0.25018673901053856,0.19249990094888988,0.1398890442527288,0.3572075568661961,0.415950066033463,0.3891421159125839,0.0,0.23027767072414,0.24271100872861492,0.183542690320043,0.4507128611927976,0.2759418118522271,0.10915444454429336,0.37368619536848763,0.0,0.5279217287380618,0.23010770014833726,0.22194632485955923,0.28856689076041053,0.28077504021610167,0.3338434571484866,0.54597119578324,0.28106288157799264,0.3355617853795947
Desperados,0.21885886064325136,0.3437928847913611,0.1775741196799888,0.37956461647254214,0.5796010226759409,0.46226901569069173,0.4348828481741252,0.46638708503374793,0.0,0.5597404031973733,0.5785246350367648,0.6745929171402215,0.3433781307722385,0.4694099101343609,0.5096637462261205,0.394159237547491,0.0944307846699106,0.04405353000787403,1.0000000000000004,0.38281878977387473,0.6483112428677906,0.5164608150568712,0.2895091567095356,0.21102156496922914,0.12673965767279263,0.12552434421430797,0.34254862129876434,0.22981183344160833,0.25802215741094364,0.2713134406747232,0.32383362125587145,0.5539125048342561,0.23559290293895588,0.4087961699059971,0.44833512560874306,0.3492183373119793,0.44420624839702194,0.3394879191408416,0.5800947736187704,0.33538683626513044,0.2972955938768032,0.22459575424932668,0.08523080715781572,0.4940154623512097,0.6308668177480092,0.35173824279644705,0.14095364098500088,0.4383409361174024,0.08934135808416123,0.43115768353725836,0.4560552315080964,0.5062237743341867,0.2740835335965616,0.44329189855770634,0.3117530748944537,0.5179048620446194,0.5357532562535108,0.5176743588181756,0.4313800205162765,0.3085443928810022,0.6646584712553713,0.0,0.5299549402286349,0.08821220573705021,0.18542397689108311,0.5834434721954453,0.5404186716484941,0.27553561461146403,0.4555700753010824,0.3205822436815432,0.34804116383348643,0.385560416197495,0.4366705850573067,0.165605791746298,0.39055717897450337,0.38391272743530996,0.4438348122851998,0.4423842135337873,0.5536896793880897,0.4058738682762601,0.5349281488401056,0.0,0.2844818139390473,0.5910630482280917,0.5334092684493396,0.28035594946441034,0.5261342453053492,0.30684429274814506,0.33847359824806544,0.373369718052205,0.39719524624958263
Desperados Lime,0.061763536259651024,0.05249394149066027,0.06519804928231422,0.13639585452135186,0.23144234142425632,0.09167281800708894,0.256403434892721,0.39884217196661575,0.0,0.21089819295504925,0.16801543909592107,0.27052294187531395,0.2547110336390001,0.43469296933233875,0.18964407203911032,0.2400516711530495,0.17080137602045428,0.0,0.38281878977387473,1.0,0.41710752785612437,0.5509577071924441,0.1102345919769848,0.0,0.6728811701509144,0.01817795182671887,0.06439852921301377,0.25818491266174654,0.0,0.3650769139305225,0.187694303152286,0.29360990861205616,0.26682346122139744,0.2991350292192279,0.3979379029993516,0.25865726344829854,0.37808527884839377,0.13387814176370272,0.3484618525790612,0.15574253855918677,0.1350906486315567,0.08973814519349238,0.32229051418706073,0.29543998218706574,0.29047067978030955,0.06862797558828519,0.06582474603289651,0.1168456317466701,0.6010846203309016,0.16886739031458334,0.26149884726464223,0.5251256452352367,0.03413482103606283,0.04286439993079683,0.23484525515988824,0.23227474385614041,0.3970088504933395,0.309095368981993,0.29512012718290337,0.13826544285939502,0.24404873956947756,0.0,0.19462146920325923,0.0,0.12592181738874392,0.4925383110438658,0.5166108641666898,0.18827169076819722,0.04587564262155135,0.18233910638931958,0.3803445917486943,0.4063012981096127,0.4574775754599931,0.05916762973138347,0.3123178870954369,0.34603705743046154,0.27249785217785,0.391713961522636,0.18203883124763923,0.30048564623075213,0.33684202849281847,0.0,0.2795736634643929,0.43657187477879417,0.3634155540874651,0.114431818104957,0.1945828943381147,0.13888424141049316,0.1204693148609462,0.12582990846055475,0.452618127307818
Desperados Mojito,0.10569568485469429,0.24809188498452228,0.19721707931172577,0.3239961354672919,0.41084776135931467,0.2619039151368499,0.35999491550766827,0.44199430956872787,0.0,0.31501133959378164,0.4957164632820077,0.34321236669853444,0.2797136514741097,0.37466021391789495,0.3614114916760057,0.33933152936765737,0.06609599628483322,0.024575416298156155,0.6483112428677906,0.41710752785612437,0.9999999999999998,0.3822766823646016,0.17544245440992542,0.0,0.02449814654485641,0.08401904681621143,0.2661409836853208,0.27084737320602637,0.1528769240427593,0.20914020130787195,0.301849907389016,0.4107899014085665,0.2831820534767576,0.4739954592866209,0.4378263618415053,0.4256835293546614,0.30819234018946,0.37505495854653786,0.5322148607390398,0.3927270131770087,0.35618125556831126,0.24141684484188494,0.04732562152992544,0.4124172986305017,0.5783434249647191,0.4354066842128615,0.13852734897825988,0.5600716386369823,0.06886820486435606,0.4363110307873272,0.6489164687599759,0.4481584712069157,0.1646051448204125,0.5248829934765216,0.3314926255249079,0.5168432370930605,0.51201672705252,0.5066287240131692,0.45024987760111107,0.30206377334968004,0.48927059637952214,0.0,0.5373662160552691,0.0941276636535659,0.18457843625182932,0.5391909110398792,0.4130230595445517,0.26168717611536085,0.3276142903369411,0.2956003339842477,0.3807040100192024,0.4252451118174328,0.41249751763359566,0.0963244297277817,0.4205421825981106,0.4297854120597394,0.4537736804095384,0.5412808245767929,0.5596771280900332,0.4421863395359299,0.4250475309550225,0.0,0.3714536208003375,0.47668505091998997,0.34673510304695626,0.2812401555553276,0.5740337294163297,0.45173124882911775,0.2781272555618469,0.43590040628733806,0.291251750479221
Desperados Red,0.3092805770678354,0.4558562858480233,0.23544968417377043,0.5259738509556021,0.5583338837763697,0.4226325425657117,0.5488802622318207,0.5493895289276601,0.0,0.5533248570511303,0.42144151677672353,0.6068311191620898,0.4997048118878188,0.5412417553651448,0.41525529325743715,0.5562682610118296,0.43258659477693545,0.276902843586188,0.5164608150568712,0.5509577071924441,0.3822766823646016,1.0000000000000002,0.33130409459423016,0.0,0.3981607891788978,0.4211838410566129,0.3530837678870273,0.45655738726388934,0.09497289073988281,0.23436275258044598,0.46955581983039735,0.4290677514094575,0.4508023680959948,0.5878001813941276,0.6375524755901331,0.6473069040787366,0.5238988763855112,0.4400842343047251,0.6425391741815565,0.34438108521558464,0.4521852945699728,0.4017380188678242,0.23566549327092634,0.4713848437403295,0.5059853818515593,0.4536175397697313,0.13865130091779435,0.22767383024754156,0.33847931934592934,0.41073220386934606,0.5396910420737464,0.6620590590073292,0.45141397477018635,0.13904683131505494,0.5512759423128455,0.4763233205833174,0.6853029449872525,0.48525584491806306,0.45612615614565793,0.5214049233311264,0.49561864122342747,0.0,0.4138736240580884,0.18857225243545123,0.4751226450002817,0.5914212913614058,0.5781816041119481,0.5393876460521372,0.49402038645061075,0.2654572078955691,0.6670504789831178,0.6403930293562352,0.7062235474594979,0.17145086816099508,0.5453544862036808,0.6362673870311771,0.4849058335507862,0.5480170389764454,0.46440700911115584,0.4717768997785298,0.4012140593574513,0.0,0.5197029657356332,0.5369297084792832,0.4360091016974117,0.5432424731274853,0.634417652019358,0.3531730889385782,0.5322061775298683,0.42642833541411373,0.6147698091222713
